0.0994363978655695
17.95847019289978
0.8562252844153904
5.222245757312148
0.20281742473275252
214.94259563409693
0.5369528026496903
32.19827540664665
2.2742006515526714
9.66736780036547
0.005626812154349906
1.0227339317122854
0.08287070423515747
16.93295497999694
0.010651605245647091
35.06423416595783
2.088283880782924
101.6322249350787
0.9395477199291679
473.2560523897583
0.3050974268517454
332.643846731157
0.1225053431823301
62.33395063403109
1.5493814287857641
31.937124163034614
0.6181251830757017
90.35738128248848
0.00555253702295206
148.15557663935863
0.12690912857883394
64.58096070333566
0.09461412527578837
22.14228945576295
0.06478511561629947
28.569309977208714
0.4161251890477245
17.917991438906654
0.6710239130162762
12.581400520462363
0.6710364900651611
138.48825167858138
0.03886426482039209
15.27059220315089
0.0921994602774778
37.99963473487661
1.0534055922842487
17.94459020568974
0.012064542599880712
9.198426519592733
0.4591714767598166
172.7025521541725
0.10466053551103509
5.908551021246226
0.09683283905322529
56.84456457508727
0.1266759766386768
127.72316243810398
0.42650967966274295
21.408313839934504
0.04659494520561576
50.61348683316657
0.015688838674066754
34.93390163069131
0.393109675122835
10.356710011936206
0.15233004458553132
75.92197688811272
0.14922444040269067
10.846952092734746
0.18552690020102602
113.8318062251052
0.008786910109025482
10.82568505708002
0.25862037278238237
50.2443408709745
0.5794513533901289
35.451230785867104
0.5237318766055272
7.9706546384661445
2.337866316954738
336.11857240660083
0.040373754140578165
1.4477104810464518
0.2905476079116868
112.51424736410402
0.349037091109939
94.31595863693552
0.09347179315426074
1.9870114586227672
0.0002540227585963635
0.20846315402657303
0.34280407974634564
0.010939354118618044
15130864402055667e-21
0.024248808109623394
766314798558486e-19
0.038174633670711396
0.0005265732851076979
0
0.0024512982466313787
0.05403527535853089
0.001363615062703452
0.030106465479296882
0.011778619666485435
0.008233281265241628
24.86575534446335
6512020140676531e-21
0.1294213434880862
55.32295370958127
0.18783868407291515
0.03899593382731442
0.19486454219933297
0.001971698345673578
0.07453836472517646
0.018176850944655005
0.7778498297623746
70.87042661917818
8887013166779233e-20
0.012372647696715788
0.4531451486464525
0.001781073594430937
0.6158904339901408
0.004613546315507393
0.005565462595586796
3188534168273398e-20
0.009805000258423988
0.004875555601056643
0.16141189826484845
0.13908350271191844
0.15542595424330052
0.00014039282103540972
0.20459190523253032
0.07138038466497848
0.0008545476453891988
0.018279309061247355
6.081511901347565
0.00019253516472607542
1.4225373701910924
0.026590547459859042
0.005274407830315047
0.8103800002391173
0.02675347570424158
0.00021049667505686364
0.4200416396911103
0.02381379671011041
0.030818062196537856
0.02859999558231748
0.011240625844212985
0.008285251051041704
54.05717684731891
0
0
