0.07737010293714638
25.924381510614218
0.7921665301485633
7.409247811127315
0.1502275210495866
178.4258449541385
0.5498870493342677
34.74891499909693
3.114023015056571
13.611976367172703
0.012743890046529252
0.85066174362025
0.07850524497950831
19.262852088079843
0.011883436631573738
33.72252936647289
1.8951937306703084
95.5365668250629
0.7954411151957405
426.3028247011941
0.16060968741816833
474.84425976724714
0.13643098745725835
54.455315549625816
1.6408120263596315
28.066476786457343
0.7076244966481926
62.926193126318566
0.005188368620357053
121.68476515197254
0.13018863437196423
48.622633327952755
0.10697741064966905
28.318423431537493
0.07828442312116043
33.385419796070174
0.400782099499514
12.102991303303083
0.47888471003964117
13.20426012145198
0.646418383694167
113.65963552962434
0.053346019739561996
23.170364523108418
0.09555074987174482
37.14226113421206
0.9124830147574223
14.483672064353485
0.019702374029190884
16.526244919789804
0.3730119006575175
167.94772675682418
0.1430728761793072
6.01882975056301
0.09977342575346687
63.9615853723784
0.16360402046271846
115.5386407958854
0.35866124785686937
20.27059984657713
0.05202263123742405
46.65452270737081
0.01709653959565102
36.58152489331822
0.37464266603301133
12.48343836921838
0.10179668288197559
56.78953847644931
0.17607992009457235
13.711736506007151
0.16753985986235637
131.75054682564635
0.011097445124030969
9.554801492423906
0.29584317068311844
45.66049447485407
0.764734069359744
35.30470098783039
0.7185505674531951
8.107602327675787
2.929731900884628
327.18398416200546
0.040236157635072455
1.5061735401034926
0.32798484573486014
192.18204730570838
0.2178628902653486
99.53326243127333
0.09952803227297925
2.918017230294201
0.00024596701730599186
0.19302487299253063
0.3449213702762674
0.013240706909332378
18495227837546615e-21
0.03606841101214718
787577863364877e-19
0.04198312435384255
0.0007567750997035878
0
0.002378994019293511
0.057009818282443434
0.0013997220355004042
0.026234997975962147
0.016367940270342083
0.007672587221903091
15.416331782075632
9374479070209212e-21
0.15849753840388148
64.66349253406216
0.2520451886139111
0.04564084413335753
0.2578877672975951
0.0019239521558817123
0.10684898832354671
0.028064839968535475
0.8573054798739425
81.85730180629335
8645178751320186e-20
0.010204973374574582
0.457011191049547
0.001776164594686922
0.67052731369686
0.0040821961070085086
0.00793038790871935
4810203712597929e-20
0.009697378925982363
0.00478478333225649
0.09431384943754473
0.13888714668541954
0.1318397709426722
0.00015192437003019006
0.3380904443108566
0.07836942231933476
0.0007621128901147899
0.024138007930726683
5.893768648746813
0.000208871264564071
1.6438054785404754
0.03324680188143867
0.00691732261293189
0.7740571275459944
0.027420102898772218
0.00017792979215489673
0.4010388282174473
0.025987058533875406
0.03388479220643477
0.025982310713954442
0.01977471610033341
0.010390088025405052
47.577976977375634
0
0
